-6.156899999999999873e-02 -9.187499999999999833e-02
2.236499999999999877e-01 1.301420000000000077e-01
-5.577889999999999793e-01 3.757969999999999922e-01
2.864619999999999944e-01 7.194700000000000539e-01
-1.526959999999999984e-01 -1.530299999999999994e-01
3.844710000000000072e-01 6.533360000000000278e-01
-2.380760000000000098e-01 5.829999999999999679e-04
-4.135759999999999992e-01 1.456810000000000049e-01
1.998939999999999884e-01 -1.993810000000000027e-01
-3.928679999999999950e-01 -1.252610000000000112e-01
3.535880000000000134e-01 -7.061699999999999922e-02
-4.751670000000000060e-01 -3.462470000000000270e-01
6.190799999999999637e-01 -8.818800000000000250e-02
5.393679999999999586e-01 -3.749720000000000275e-01
-3.191530000000000200e-01 6.296730000000000382e-01
7.952199999999999547e-02 1.931980000000000086e-01
-4.034829999999999806e-01 4.744659999999999989e-01
-2.500009999999999732e-01 1.416209999999999969e-01
-1.299799999999999914e-02 5.259850000000000358e-01
1.537380000000000135e-01 4.915309999999999957e-01
6.828599999999999948e-02 3.927410000000000068e-01
-7.016000000000000014e-01 1.909830000000000139e-01
3.539799999999999891e-02 -3.336819999999999786e-01
-4.567700000000000232e-02 1.729070000000000051e-01
2.294650000000000023e-01 2.504089999999999927e-01
3.842999999999999750e-01 -1.765700000000000047e-01
-2.933819999999999761e-01 -1.397780000000000133e-01
-2.032720000000000082e-01 2.868550000000000266e-01
-4.489389999999999770e-01 1.767249999999999932e-01
