5.775896766427139895e-01
1.766053103783678524e-01
2.828549542822543783e-01
2.089142095397774623e-01
1.268314175811397604e+00
1.077958839868877305e+00
5.449728750023878909e-01
4.968715763638567040e-01
1.261062855047001552e+00
2.448497147017300868e-01
3.743957608941913540e-01
1.028910304110262519e+00
7.605725841227747863e-02
2.569087603404521802e-01
6.516495830188033800e-01
8.131218758347666942e-01
4.473596627737980169e-01
1.342611227194440149e-01
4.412362682149821858e-01
2.536501146652972993e-01
3.211545237481862047e-01
2.502238437937155391e-01
2.424000944265084501e-01
9.493544087842009649e-02
7.559173277793524992e-01
2.698355541821471082e-01
1.208335337115085339e+00
6.953634541111231027e-02
2.844335263170625905e-01
3.327511476802584856e-01
3.161257290721528612e-01
1.734828832006755084e-01
1.138615778980384130e+00
1.887005354193517226e-01
2.519947853213986289e-01
2.515028492179334219e-01
2.554871000653358704e-01
1.941531430832862393e-01
2.346845719164670996e+00
5.143112081110090550e-02
8.209716618116227327e-01
3.845324510075922575e-01
1.527737864615292263e-01
4.094935094757075067e-01
5.916004699949251044e-01
4.086304384120142963e-01
2.832598741648215679e-01
1.812312689371269325e-01
2.899880485100246319e-01
2.406213282782358465e-01
1.954411822004829546e-01
1.384633789044437402e-01
2.401939663020691285e-01
1.906161718236565328e-01
2.174028514458850037e-01
2.386111426567547877e-01
3.111341388209480918e-01
6.420876095892147362e-01
6.421783601988768631e-01
4.878309440767290006e-01
6.818572554346342685e-01
2.092749991860798353e-01
3.122621765737660926e-01
1.043193906374630942e+00
2.754758148261512440e-01
6.429023816172543260e-01
7.066024315117639398e-01
6.398293701065496109e-01
9.152412334982740205e-01
6.066798617302291419e-01
6.003905006482003204e-01
3.262071226134459767e-01
2.024510913019317293e+00
4.454871511117007299e-01
6.341743915112054708e-01
2.558422719545412338e-01
5.695127578101959465e-01
3.431570117458591085e-01
1.560757440480611713e+00
3.111741379934923613e-01
3.311160643319478458e-01
8.799470339631459970e-01
5.981337487016511467e-01
9.778503509577503028e-01
6.803506135434221891e-01
1.026736506416102923e+00
4.277490501268145229e-01
6.803506135434221891e-01
8.810112960385456660e-01
1.093523013499285712e+00
7.782281150739400744e-01
8.810112960385456660e-01
4.483306497668007040e-01
7.894639753012300254e-01
7.782281150739400744e-01
4.216162817933295504e-01
7.894639753012300254e-01
3.195367989377351225e-02
7.671163566553351743e-01
7.671163566553351743e-01
7.555931193873672846e-01
1.780999997532396018e+00
3.223543879153314418e-01
7.030524902296972911e-01
9.692409958414204274e-01
9.692409958414204274e-01
7.206358215263094502e-01
5.376833307570993981e-01
5.376833307570993981e-01
4.483306497668007040e-01
4.690358063820154189e-01
2.844889052308929300e-01
8.799470339631459970e-01
2.842928466439660351e-01
2.886655013692914773e-01
9.703354195635335300e-01
9.744741113686531397e-01
9.744741113686531397e-01
9.703354195635335300e-01
1.421205634689892250e+00
6.061894247491865784e-01
6.327118086953683607e-01
9.444625263788508640e-01
8.895112289315045828e-01
5.477503615110104196e-01
3.266553071594727742e-01
1.545913031870776111e+00
1.160428516185009862e+00
9.134853989409913444e-01
6.663732060885910746e-01
9.673992275119256412e-01
1.193864250034194940e+00
1.160428516185009862e+00
5.901403402961116207e-01
1.193864250034194940e+00
6.663732060885910746e-01
5.901403402961116207e-01
8.895112289315045828e-01
6.327118086953683607e-01
9.673992275119256412e-01
4.506740887016946751e-01
1.001631629022902592e+00
6.096402666595761577e-01
6.172395030590818177e-01
6.172395030590818177e-01
1.392292362746481604e+00
6.219158950755081516e-01
7.729186952686636358e-01
7.729186952686636358e-01
5.821728002228190313e-01
3.276826211906065378e-01
1.285431074318925448e+00
6.614164143613103786e-01
5.572009535721513807e-01
6.614164143613103786e-01
5.572009535721513807e-01
5.021028180656958995e-01
5.021028180656958995e-01
7.421682551407305928e-01
1.172731854868718893e+00
7.421682551407305928e-01
4.454871511117007299e-01
3.876172535894466531e-01
5.580271926542821337e-01
7.382484565658729014e-01
7.382484565658729014e-01
4.446207288955671966e-01
6.061894247491865784e-01
5.643965388349645451e-01
1.001631629022902592e+00
9.134853989409913444e-01
9.139298264968158669e-01
9.139298264968158669e-01
4.446207288955671966e-01
3.727301263349769300e-01
7.934542754154356725e-01
7.026174329181430478e-01
6.831716366039208843e-01
7.026174329181430478e-01
6.831716366039208843e-01
5.730900325787121607e-01
8.126395031596918006e-01
5.477503615110104196e-01
7.625460967912861543e-01
1.101426744570014549e+00
1.101426744570014549e+00
4.486576502735798444e-01
1.387138734236130100e+00
1.387138734236130100e+00
1.548513714740214375e+00
8.313790133852760889e-02
7.625460967912861543e-01
5.170915650957459420e-01
9.480244157000664584e-01
6.667143429704309732e-01
6.667143429704309732e-01
9.480244157000664584e-01
4.874098004597962053e-01
4.142897088895604041e-01
7.810340022828323736e-01
4.142897088895604041e-01
6.490937524891670085e-01
6.490937524891670085e-01
8.892056069352046732e-01
8.892056069352046732e-01
9.876346387819436856e-01
5.580271926542821337e-01
5.661800688078776345e-01
6.222183530984053412e-01
6.909319606919865908e-01
6.219977030525494222e-01
6.909319606919865908e-01
6.631273437599506382e-01
6.631273437599506382e-01
3.954991704075736525e-01
3.954991704075736525e-01
9.616308369110588838e-01
3.718762263762354081e-01
9.616308369110588838e-01
6.881012716458828615e-01
5.430511932681237885e-01
6.994505335094344245e-01
6.994505335094344245e-01
8.576113034312938810e-01
1.039741096300595746e+00
1.039741096300595746e+00
8.576113034312938810e-01
6.881012716458828615e-01
4.767467614480497273e-01
7.985550463807411514e-01
7.985550463807411514e-01
1.081968229601062426e+00
5.070180380623188210e-01
5.360595461426098662e-01
1.189780087300618794e+00
5.720787441106319759e-01
2.247145293837739533e-01
6.177013431899868179e-01
1.128758527808693124e+00
5.498065163275843714e-01
1.162517623559873758e+00
1.162517623559873758e+00
9.496440397381537002e-01
9.496440397381537002e-01
6.178072192193780898e-01
5.360595461426098662e-01
7.068190077154115070e-01
7.068190077154115070e-01
4.767467614480497273e-01
1.201783759877844693e+00
1.201783759877844693e+00
1.285431074318925448e+00
4.826294143696614469e-01
4.826294143696614469e-01
5.284016537137663505e-01
5.284016537137663505e-01
1.091531908959418651e+00
8.007713977112455028e-01
8.007713977112455028e-01
4.486576502735798444e-01
6.975153824166093752e-01
6.975153824166093752e-01
8.588760206059249391e-01
8.588760206059249391e-01
7.748793457359717252e-01
5.861240486234206015e-01
1.447779858119327523e+00
1.447779858119327523e+00
7.699273216392557018e-01
8.395780651997825084e-01
7.699273216392557018e-01
6.037343228830746034e-01
5.423010618588630649e-01
6.037343228830746034e-01
8.395780651997825084e-01
5.749501915387436046e-01
5.861240486234206015e-01
5.789520114811087526e-01
7.487293652828515000e-01
7.487293652828515000e-01
7.844158563730005973e-01
7.844158563730005973e-01
