4.848246557741203944e+00
1.513556929674507501e+00
5.871150408847579882e+00
3.330669073875469621e-16
1.245347615314876810e+00
4.440892098500626162e-16
8.571079851202596522e-01
1.054708443088222936e+01
1.614856392478671410e+00
1.561879194095142864e+00
1.434728714837199437e+00
1.691002915425848485e+01
3.017878771867768428e+00
8.607861742059613519e+00
1.438530517120993224e+00
1.952178425081182667e+00
1.367365346296253170e+00
1.754057701656681845e+00
1.106656209286193437e+01
5.457935431505074320e+00
3.017878771867768428e+00
1.968429587837238204e+00
1.949918400023537668e+00
2.084546691607868318e+00
2.133698976985389351e+00
6.113694985190045728e+00
2.747140349312699570e+00
5.045587578545662311e+00
5.284233352240013559e+00
